38
 :0.00601479
,:0.000731529
0:0.000406405
1:8.1281e-05
2:0.000243843
3:0.000406405
4:0.000650248
5:0.00105665
6:0.0017069
7:0.00138178
8:0.00121921
9:0.000650248
a:0.925953
b:0.00308868
c:0.00121921
d:0.00211331
e:0.0030074
f:0.00349508
g:0.00203202
h:0.00316996
i:0.00260099
j:0.00390149
k:0.00382021
l:0.00316996
m:0.0030074
n:0.0034138
o:0.00146306
p:0.000325124
q:0.00186946
r:0.00349508
s:0.00284483
t:0.00243843
u:0.00243843
v:0.0013005
w:0.00316996
x:0.000650248
y:0.00138178
z:8.1281e-05
