11
 :0.0895522
;:0.0149254
a:0.164179
d:0.0149254
f:0.104478
h:0.104478
j:0.119403
k:0.134328
l:0.0895522
s:0.134328
u:0.0298507
